esp_utility: 2107.9260960685056
execution_time: 0.13577867031097413
task_complete_rate: 0.9949789646127233
